image_width: 1920
image_height: 1088
camera_name: t2i_superzoom_video
camera_matrix:
  rows: 3
  cols: 3
  data: [1593.9826502420644, 0.0, 992.47633681791558, 0.0, 1600.7107214274865, 553.51974629978804, 0.0, 0.0, 1.0]
distortion_coefficients:
  rows: 1
  cols: 5
  data: [-0.18313509683745413, 0.13682908515426564, 0.0026336867936334659, -0.00069551267997824289, 0]
rectification_matrix:
  rows: 3
  cols: 3
  data: [1.0, 0.0, 0.0, 0.0, 1.0, 0.0, 0.0, 0.0, 1.0]
projection_matrix:
  rows: 3
  cols: 4
  data: [1593.9826502420644, 0.0, 992.47633681791558, 0.0, 0.0, 1600.7107214274865, 553.51974629978804, 0.0, 0.0, 0.0, 1.0, 0.0]
